15700000000000
15660000000000
12380000000000
4735000000000
4617000000000
3194000000000
2509000000000
2362000000000
2323000000000
2253000000000
1834000000000
1758000000000
1622000000000
1446000000000
1407000000000
1212000000000
1125000000000
997400000000
960700000000
901900000000
802000000000
746900000000
740500000000
709500000000
646100000000
578600000000
537800000000
514600000000
500000000000
492000000000
450500000000
420600000000
416700000000
402100000000
395800000000
363700000000
362400000000
357800000000
344700000000
326700000000
325400000000
320500000000
319400000000
305500000000
286700000000
280800000000
278100000000
274500000000
274100000000
271200000000
247900000000
245000000000
232300000000
208500000000
198100000000
196800000000
191500000000
189000000000
171000000000
165900000000
155400000000
150300000000
134700000000
132400000000
128500000000
126200000000
126200000000
114100000000
107600000000
104400000000
103900000000
103700000000
103100000000
98740000000
98160000000
90660000000
89230000000
87910000000
83180000000
80430000000
79670000000
79650000000
78420000000
76070000000
73500000000
64840000000
64320000000
63690000000
58600000000
57930000000
57760000000
55800000000
54360000000
53550000000
50590000000
50320000000
47550000000
45980000000
42900000000
42190000000
41100000000
40490000000
40000000000
39640000000
38670000000
37670000000
37040000000
36590000000
33550000000
32440000000
32080000000
31490000000
28440000000
28030000000
27530000000
27120000000
26710000000
26500000000
26400000000
26220000000
25860000000
25180000000
24030000000
23680000000
23570000000
22150000000
21940000000
21370000000
21340000000
20260000000
19890000000
19270000000
19160000000
18950000000
18450000000
17610000000
17350000000
16840000000
15510000000
15220000000
14910000000
14580000000
13560000000
13530000000
13470000000
13130000000
12950000000
12560000000
12250000000
11140000000
11040000000
10630000000
9664000000
8376000000
8020000000
7615000000
7288000000
7091000000
6909000000
6899000000
6685000000
6164000000
6148000000
5896000000
5489000000
5470000000
5100000000
4813000000
4718000000
4500000000
4412000000
4307000000
3945000000
3847000000
3495000000
3200000000
3158000000
3119000000
2945000000
2896000000
2838000000
2742000000
2719000000
2693000000
2500000000
2410000000
2377000000
2258000000
2250000000
2234000000
2188000000
2133000000
1922000000
1902000000
1577000000
1535000000
1471000000
1471000000
1357000000
1301000000
1275000000
1237000000
1128000000
1035000000
906500000
900000000
890000000
872000000
853400000
794700000
786000000
624000000
575300000
403000000
238100000
216000000
183200000
175400000
164500000
164000000
133500000
60000000
60000000
48300000
43780000
37000000
18000000
10010000
1500000
